-3.604365338911715355e+01,0.000000000000000000e+00,-3.207631722481915547e-14,0.000000000000000000e+00,2.392679895532167191e-13,0.000000000000000000e+00,-2.059301670267279085e-13,0.000000000000000000e+00,3.072791695244254868e-13,0.000000000000000000e+00,-3.277697551616779395e-13,0.000000000000000000e+00,3.594848034474519512e-13
-2.756021921882102266e+00,-1.753896731415090926e+02,-2.497782296252633927e+01,1.096425760992078011e+02,2.738817386964995748e+01,-5.517205934736429640e+01,-4.004520463739309122e+01,3.831478319869587068e+01,9.104932039928742782e+00,-1.950672643843962462e+01,3.472453566688926685e+01,1.101862994159682252e+00,-5.993333563484704740e+01
-4.551678805653242676e+00,-1.621087739227288580e+02,-2.703627239538495175e+01,1.055281787069083208e+02,2.091682915580770086e+01,-4.491564658063867910e+01,-3.284608773812821880e+01,1.620093495116126192e+01,2.090355307483154590e+01,-1.090597262512769738e+01,2.413226183395190816e+01,-4.062417122920354728e+00,-4.699506840281687658e+01
-5.380636163680634354e+00,-1.544629063113944767e+02,-3.725644859524616948e+01,1.061507026910561535e+02,2.623022656067675840e+01,-4.160858897432370185e+01,-3.554691929343766787e+01,1.006963610522842600e+01,1.390445907209556786e+01,1.053306635376593370e+01,2.515065650565429678e+01,-3.124670091393486615e+01,-3.251948904822302922e+01
-3.844516668144367877e+00,-1.616841716804130726e+02,-3.616658327456023159e+01,1.220791736386974407e+02,1.894007851824108712e+01,-6.156625670214872059e+01,-3.380687573098324350e+01,4.146000705392877705e+01,1.977939650817039663e+01,-4.222587716831204574e+01,3.555422099165985372e+01,1.588860401492569530e+01,-6.121993540932836453e+01
-2.862106379199630179e+00,-1.704337324107187328e+02,-1.836304953880270574e+01,1.062389167443765672e+02,1.625598964640255328e+00,-2.308087521930951524e+01,-2.618863864650755957e+01,-6.171046985113938455e+00,1.408911886771455713e+01,1.549130044856781119e+01,2.717915931741078239e+01,-2.745877073983336913e+01,-4.802899120096522267e+01
-3.435049126146035636e+00,-1.676546949978437340e+02,-5.111794674602508692e+00,8.880025447667816252e+01,1.392037981327005269e+01,-3.414193554415790288e+01,-3.285131335888727477e+01,2.362867006114658253e+01,-4.948334468862392477e+00,1.684202809313699234e+01,1.623076623450342737e+01,-2.161018008445696026e+01,-2.569132069693473497e+01
-7.389845034524997303e+00,-1.405974369290945560e+02,-3.659266513055207781e+01,9.917959279651813631e+01,2.155662522907576317e+01,-3.512224857290956237e+01,-2.804278448239556099e+01,-2.476787075765921831e+00,1.650012248385732150e+01,1.842309488917068450e+01,1.085703969527809498e+01,-1.341028119609636704e+01,-4.697813852163281467e+01
-7.130885989208547215e+00,-1.481962455778815126e+02,-3.324219718637398557e+01,1.013321966725213912e+02,2.442920119713499716e+01,-4.245350606973084950e+01,-3.619482017401814034e+01,2.123665860245664305e+01,7.009133169885003234e+00,6.045837321048638913e+00,2.086994561916342050e+01,-1.544316937142255952e+01,-3.953889782859976521e+01
-3.126979825795868528e+00,-1.662043377812034919e+02,-3.511816205120645407e+01,1.227817412385650186e+02,8.610734448206978087e+00,-4.212517557012508007e+01,-3.021415698875398448e+01,1.216388348931660346e+01,2.093344353443705685e+01,-4.266929093370509740e+00,1.820942128893870660e+01,-6.838155852754425723e+00,-3.986280311657163367e+01
