-3.604365338911715355e+01,0.000000000000000000e+00,-3.207631722481915547e-14,0.000000000000000000e+00,2.392679895532167191e-13,0.000000000000000000e+00,-2.059301670267279085e-13,0.000000000000000000e+00,3.072791695244254868e-13,0.000000000000000000e+00,-3.277697551616779395e-13,0.000000000000000000e+00,3.594848034474519512e-13
-4.367513255237036596e+00,-1.619923062468178614e+02,-1.457826159641756725e+01,9.515786604663161086e+01,1.810925463001744973e+01,-4.120584832744616932e+01,-3.849565376672829586e+01,3.712266397560896536e+01,-3.972652404039523244e+00,3.694071124112332516e-01,2.410187223711916360e+01,-1.533585734802228728e+01,-2.273963905007350661e+01
-6.967614423850902128e+00,-1.502865512208319103e+02,-2.477711784673056883e+01,9.993270851544900779e+01,1.938890371020914216e+01,-4.665272727220482807e+01,-3.286360233453025614e+01,2.777383960372394611e+01,1.529549939624677890e+01,-1.693455409477740048e+01,2.089561723981610797e+01,2.836548859827782820e+00,-3.884498227879989685e+01
-4.452916616901193336e+00,-1.632231907173627121e+02,-2.306231394838931692e+01,1.089759777616854990e+02,1.304413088366093021e+01,-4.744745947233114691e+01,-3.060904549217143966e+01,3.071963566749838748e+01,7.648407265522239484e+00,-1.626617254165784132e+01,3.250357804651594762e+01,-6.507387312055740836e+00,-3.880365558116443481e+01
-1.057283926740861357e+00,-1.768365534192639927e+02,-3.027639360192067741e+01,1.259303575722115909e+02,5.084860399965208444e+00,-4.384667256373048616e+01,-2.632923401493324889e+01,1.443165832521660441e+01,1.301845489576962578e+01,-7.894472833567203196e+00,4.498684213432488832e+01,-3.897020099321787967e+01,-2.864160709299551755e+01
-5.404405912411695212e+00,-1.534116917023602298e+02,-3.834217499350686609e+01,1.052022393847678643e+02,3.570860209822431841e+01,-5.607241328241775591e+01,-3.376923414087545439e+01,1.920146132366690850e+01,1.826755626830065182e+01,-3.918891725258609515e+00,2.015870841505379829e+01,-1.129453145968464334e+01,-3.709175584341330989e+01
-4.655885877095649050e-01,-1.806805671592731528e+02,-5.371463163266377849e-01,1.035270212526890958e+02,-4.499929827868053955e+00,-2.763551107162533782e+01,-4.175322899573349389e+01,3.340271126095774434e+01,2.034950139302092254e+01,-3.651359070751065161e+01,3.999479784683762773e+01,-7.025218334702945100e+00,-3.377369692053710537e+01
-6.891479858043761952e-01,-1.770203887742822531e+02,-2.518037575395923877e+00,8.070577985034911705e+01,2.408971760053772115e+01,-1.865048856100078112e+01,-6.453620622978718302e+01,3.389970275627180030e+01,6.810469116784335419e+00,2.949079488004244354e+00,3.013303136436347884e+01,-3.179118793314428615e+01,-2.149045556301893356e+01
-1.671235622755564698e+00,-1.795244967003204408e+02,-3.408209630293963954e+01,1.194009542246975428e+02,2.456168483852792050e+01,-4.662829309009928380e+01,-4.675152674879166170e+01,3.016050777537150296e+01,1.120266250046709366e+01,-5.031674254666619106e+00,3.221714136677046980e+01,-1.575186042012732202e+01,-4.933082317241918702e+01
-2.523848810872593162e+00,-1.706799491868672476e+02,-1.332090340572732323e+01,9.737811875093802882e+01,1.398408202731248018e+01,-2.602903495156778035e+01,-5.414263194582600391e+01,3.073571952277546160e+01,1.452033360955739916e+01,-2.946685338889946770e+00,1.633719015931733765e+01,-1.803393141928221866e+01,-1.271542286912913688e+01
-3.537519015719375659e+00,-1.677902823067445865e+02,-1.524283392588467301e+01,1.058795307175876843e+02,6.315913522742494735e+00,-3.961959472070391541e+01,-3.008588925284161419e+01,2.712002232806919366e+01,1.494826296496832629e+00,1.386573873336428564e+00,1.928325006675039077e+01,-1.365301086536826602e+01,-1.958209904873186602e+01
-1.758782344122212349e+00,-1.753774475160442989e+02,-3.748679959777778947e+01,1.257169880100663448e+02,1.980128013743667026e+01,-5.631347300138469336e+01,-2.905425487544039242e+01,2.788420041644523195e+01,-6.385317372451492446e+00,1.197346192033903556e+01,3.401082627048139528e+01,-3.496768277296963845e+01,-3.230317201073229683e+01
