-3.604365338911715355e+01,0.000000000000000000e+00,-3.207631722481915547e-14,0.000000000000000000e+00,2.392679895532167191e-13,0.000000000000000000e+00,-2.059301670267279085e-13,0.000000000000000000e+00,3.072791695244254868e-13,0.000000000000000000e+00,-3.277697551616779395e-13,0.000000000000000000e+00,3.594848034474519512e-13
-2.156359643002477178e+00,-1.719212842466411644e+02,-3.400182552122679880e+01,1.286596697730313394e+02,5.110289366653876897e+00,-5.003370142941789567e+01,-1.986184356439650855e+01,1.578053855264058747e+01,8.616368027631763127e+00,-7.724268640294480903e+00,4.416853377979590078e+01,-3.126051796424147255e+01,-3.853877497581876099e+01
-7.067272144649134447e+00,-1.447694514943648585e+02,-3.607648755393852724e+01,1.041021005569000124e+02,2.898685110021798650e+01,-5.930639763366331607e+01,-2.370614614621884542e+01,2.542573955762050630e+01,2.081615145213168372e+00,2.342769362738196470e+00,1.921894061346704063e+01,-8.565438816542227940e+00,-3.594475918143488258e+01
7.403678887461076497e-02,-1.863618094050180218e+02,-8.686530864192656409e+00,9.912561295398522532e+01,3.109552051053644561e+01,-6.112721644266749621e+01,-3.711231127089262571e+01,4.585412721301575090e+01,-1.077008645063253889e+00,-5.883637350474133498e+00,1.025329203839207537e+01,1.784013741842902334e+01,-5.095116566611383746e+01
-1.739646596160283165e+00,-1.806238673540684658e+02,-1.403539071308793496e+01,1.168958419610353019e+02,4.298934848648465312e+00,-5.666828208359528674e+01,-1.476823134205264587e+01,3.462761611199537981e+01,-1.785488826893702097e+01,8.062638625095226885e+00,2.779006479980506938e+01,-1.924906697923225352e+01,-2.918559853924256942e+01
-1.117295786401046875e+00,-1.819839534935735799e+02,-6.793437566376153924e+00,9.446590343203263274e+01,2.446806530391968693e+01,-4.848263536178144761e+01,-3.307518363245593207e+01,3.414121561881994893e+01,-1.332282607703251820e+01,1.414691502973801285e+01,2.750031680706613813e+01,-2.221276386417354942e+01,-4.104385555926346285e+01
-6.809693622358132803e-01,-1.843665120032771370e+02,-1.527531079203269471e+01,9.882378702748930266e+01,3.125643971223043138e+01,-4.774606378238855342e+01,-3.842228218471895218e+01,2.284572566580838426e+01,6.221151457558852238e-01,2.462862142158584433e+01,5.326962323569041757e+00,-1.617185939175510256e+01,-2.930375088996679978e+01
-9.711043043669471686e-01,-1.837282692464992806e+02,-1.422095624631360344e+01,9.457766755724668428e+01,3.321946354252555977e+01,-4.179006559420300704e+01,-4.718719639236717001e+01,2.764366370830920516e+01,1.699853714571515351e+00,1.236903058405830613e+01,2.579337900569252895e+01,-2.144268041544993508e+01,-4.864068930076162189e+01
-1.302417991819094567e+00,-1.836568237124803318e+02,-1.545018886308995931e+01,1.145493288903607123e+02,7.392050642835828356e+00,-4.667190809991171108e+01,-2.497230597690374410e+01,2.572954434708474025e+01,-4.140523786714920718e+00,4.612926179337039301e+00,2.989035260983138187e+01,-1.757099469105089540e+01,-4.342470627435969277e+01
-9.981896159134946434e-01,-1.855232956871963097e+02,-2.067649674215805788e+01,1.088060404098813905e+02,2.899031603041539640e+01,-5.218473138667457789e+01,-4.548910279107393251e+01,3.726677584570845880e+01,8.408149887813134882e+00,-3.928174771590361658e+00,1.810447522364055217e+01,-4.439041301316087207e+00,-4.002425016583147510e+01
