-3.604365338911715355e+01,0.000000000000000000e+00,-3.207631722481915547e-14,0.000000000000000000e+00,2.392679895532167191e-13,0.000000000000000000e+00,-2.059301670267279085e-13,0.000000000000000000e+00,3.072791695244254868e-13,0.000000000000000000e+00,-3.277697551616779395e-13,0.000000000000000000e+00,3.594848034474519512e-13
-4.330654265976088269e+00,-1.603416261980839863e+02,-4.202711141397592343e+01,1.157480229553488300e+02,2.815706121007324469e+01,-5.070670512377264316e+01,-3.905561652686945706e+01,2.459208133071640034e+01,1.204996221754721297e+01,-3.866416547121649838e+00,2.791791770422014451e+01,-8.533977834900182913e+00,-5.381249477452143282e+01
-1.577664716566331560e+00,-1.774836389279192872e+02,-3.252726621050979361e+01,1.260038536121045780e+02,1.223429848501237238e+01,-5.398466275685009208e+01,-1.991886501377913632e+01,1.400370729776330236e+01,9.669763591638576017e+00,-4.897376331411660288e+00,3.843756324875976560e+01,-1.759455430501186513e+01,-5.807115409296910968e+01
-5.368520755643751974e-01,-1.795007966801625230e+02,-1.258348826715827506e+01,9.552217920954957719e+01,2.139145770674835134e+01,-2.553949671756238260e+01,-6.126622101238879026e+01,3.453202600882555373e+01,9.245766238973994078e+00,-7.105069994701430636e-01,2.772682605833244551e+01,-2.221268775840681897e+01,-3.062771158340916955e+01
-4.108727586021746703e+00,-1.665156669769339430e+02,-2.063268813585898442e+01,1.051594644396317761e+02,1.346569652512057402e+01,-4.185280461262993867e+01,-2.526694461692056137e+01,1.033340356863934772e+01,1.265195861320318294e+01,5.600500284310226284e+00,1.573509395838691738e+01,-9.853815444998135220e+00,-3.943573617529209230e+01
-5.210801622679104739e+00,-1.571992436254570578e+02,-1.127839898836293031e+01,8.020705584953824996e+01,1.809105321334853400e+01,-1.672492575867452658e+01,-3.867662015054992963e+01,-3.486842580244747136e+00,1.443213825774557968e+01,2.286316681821842067e+01,2.138888997312460205e+01,-3.803139699829646503e+01,-3.006436971582925466e+01
-2.118164565258930043e+00,-1.728058272573645695e+02,-3.547376206355886552e+01,1.217089678407298550e+02,1.824123906787084337e+01,-5.250979182384354971e+01,-2.271325386287823278e+01,1.049349601288520084e+01,9.533108644134980381e+00,6.052333745693521116e+00,2.655332725355141932e+01,-1.050503939748764282e+01,-6.293278958126444422e+01
-3.370714389215417217e+00,-1.675371910706967924e+02,-3.494897302842699105e+01,1.194310067362430630e+02,1.998126052527956631e+01,-5.635671126844572143e+01,-2.386524321257509840e+01,1.637597560004546438e+01,1.344256908593737698e+01,-6.807991332766253345e-01,1.910925837850522058e+01,-8.127291494760783053e+00,-4.211829122090052380e+01
-2.221077042072858276e+00,-1.625989524999795606e+02,-4.861300889124906632e+01,1.267293802742865267e+02,2.772267222551986521e+01,-6.531426987640053028e+01,-2.187329617637904988e+01,2.219297353829041697e+01,-7.458062245279744928e+00,2.405865523393109129e+01,1.850000464220585172e+01,-2.824273859143815812e+01,-2.768722753470058251e+01
-2.708410476113952026e+00,-1.722470117646490735e+02,-3.396093748251873734e+01,1.187646238028023760e+02,1.940009938633484055e+01,-4.832045207655947650e+01,-3.320480061255636173e+01,2.283776557014659048e+01,-1.259280872106881832e-01,1.327506260996041298e+01,2.693918757522955332e+01,-3.038467361968417890e+01,-2.980994138440097885e+01
-4.675406957596821123e+00,-1.570200867899351920e+02,-3.999755465459518433e+01,1.077862899967949062e+02,3.877077219968192878e+01,-5.960082633854351286e+01,-4.120041124861717918e+01,4.353318025746838771e+01,-1.286093064203292791e+01,7.952413533717701100e+00,3.799118673702937343e+01,-3.181010490251588863e+01,-3.824160558512855346e+01
-4.053659450355981519e+00,-1.578400146540513163e+02,-4.857111003126208715e+01,1.200175904125384676e+02,3.323302972216945506e+01,-6.243573704605290686e+01,-2.681766230372529947e+01,1.492073299696427036e+01,1.547576616827923424e+01,1.142819828916583208e-01,2.435383185097986569e+01,-1.273219648457243736e+01,-4.675741791477761211e+01
-7.851599362216888700e+00,-1.315447472544528011e+02,-3.319335249433881074e+01,9.186949540895487587e+01,3.974641814062574952e+01,-7.129891441194992296e+01,-2.358829080303969405e+01,4.465898052237467653e+01,-4.711833895303618291e+00,-1.886820558788114965e+01,3.451897666094564698e+01,-6.717977411836597579e-01,-4.611500114967707731e+01
-5.521857519774893142e+00,-1.536281610239476265e+02,-3.661737494459317332e+01,1.078087146624984740e+02,3.363807836133855034e+01,-6.442466553768969106e+01,-2.957026192643365192e+01,3.614172816065978822e+01,-2.214098363108479017e-01,-7.089080605746509001e+00,2.987012633922508442e+01,-6.383137803681005806e+00,-4.802183859150359524e+01
-2.117721111542427703e+00,-1.771900875726101674e+02,-3.196668869060950868e+01,1.170096655748504446e+02,2.949892310401491358e+01,-6.345191868950822567e+01,-2.930030151693264173e+01,3.274185968169391003e+01,-3.829893379870934922e+00,-5.059420932563786499e-02,3.951352724650722337e+01,-2.446667275805812380e+01,-4.449058932104206576e+01
-4.650423592472628265e+00,-1.625015507019707570e+02,-2.685127833232706251e+01,9.896291914745874863e+01,3.206735316871921526e+01,-5.241091792725934795e+01,-2.789011695860727968e+01,1.856254243343702370e+01,5.860920241740936731e-01,6.886685948998432671e+00,3.698302616533090514e+01,-2.210921420517095015e+01,-6.265300046920696531e+01
-3.015503078321901231e+00,-1.676783470181958648e+02,-3.816727652227637435e+01,1.204461157001795897e+02,2.191400197069519251e+01,-5.167390889836174495e+01,-3.573162999280667407e+01,2.408039989470995579e+01,1.667650727522159926e+01,-1.287304212647697099e+01,2.912340077848348230e+01,-4.763194520641337859e-01,-6.071338845610765844e+01
-6.114071321057086728e+00,-1.470288950207739163e+02,-3.534011494282211885e+01,1.025068854875614477e+02,3.775305825785067526e+01,-7.011916151701447575e+01,-2.965252011838255797e+01,5.134482377401298692e+01,-1.722698667655821225e+01,-5.483768756212885620e+00,3.828607607307855432e+01,-1.180084808840949862e+01,-5.076988912997884285e+01
-5.894639125426252235e+00,-1.516926854173304946e+02,-3.871867681719454168e+01,1.014485634565373573e+02,4.003168357056878790e+01,-5.280393380752855848e+01,-4.476222552456550829e+01,2.847081380038500953e+01,1.739941003036653200e+01,-8.880308275997808920e+00,2.297122941594930268e+01,-6.287150131502654560e+00,-4.582171340252644143e+01
-4.391959717199912516e-01,-1.791451742290508946e+02,-1.812670217134546036e+01,1.080012281149670059e+02,7.278159781131247286e+00,-1.838757993584444606e+01,-5.639333852981383899e+01,1.801297991796795728e+01,3.194108659606936840e+01,-2.054284548925856768e+01,3.889614358274116768e+01,-2.554005405759144764e+01,-3.492947987267163512e+01
-5.409322170446753120e+00,-1.577773027487824038e+02,-1.211807590899725362e+01,8.755009984278703428e+01,2.402144504439822370e+01,-3.950511153580977464e+01,-4.982257097037516758e+01,4.418514212868132773e+01,8.276169802861947034e+00,-1.425720988609346485e+01,1.827966346991899371e+01,-4.711629096198890920e+00,-2.153127998102990404e+01
3.454488169983144230e-01,-1.842283482554483101e+02,7.697764429328016078e+00,8.151475198297043789e+01,1.196169465631085593e+01,-1.519972182032961072e+01,-5.460218111025321974e+01,2.409403275790900167e+01,1.214215351817942512e+01,1.890708498257857695e+00,2.457261774884350203e+01,-2.723798984679944368e+01,-2.190407731266240532e+01
-2.137756620706685151e+00,-1.730472334838881636e+02,-3.186016299957391595e+01,1.274268486976124137e+02,9.993871120222566518e+00,-6.137708063915592760e+01,-1.581385725816662280e+01,2.915984918452859631e+01,-1.001416505790417233e+01,5.844901291335170335e+00,3.234693712875247940e+01,-2.534033103760563321e+01,-3.313117805462720611e+01
-2.953573257086453463e+00,-1.687439743845705777e+02,-2.788073870340541305e+01,1.292834717792308084e+02,1.070298248933151264e+01,-8.157838517456279703e+01,-1.254384387062866679e+01,5.835786272826601362e+01,-1.086403851850197455e+01,-2.965815253001168372e+01,3.428086423755012646e+01,-3.512522985046626633e-01,-2.503358500153077770e+01
