-3.604365338911715355e+01,0.000000000000000000e+00,-3.207631722481915547e-14,0.000000000000000000e+00,2.392679895532167191e-13,0.000000000000000000e+00,-2.059301670267279085e-13,0.000000000000000000e+00,3.072791695244254868e-13,0.000000000000000000e+00,-3.277697551616779395e-13,0.000000000000000000e+00,3.594848034474519512e-13
-7.306491447415471852e-01,-1.770213943302232735e+02,-3.025001884744918712e+01,1.269454209669003717e+02,2.311065159276363357e+00,-3.687766553595968588e+01,-4.091646208420857533e+01,3.128737141482000439e+01,8.991841825681859746e+00,-2.062974780921294737e+01,5.562970067237254312e+01,-3.086792807509977621e+01,-4.283736240068687096e+01
-3.191458888559924656e+00,-1.681305648007393359e+02,-1.686401325046368527e+01,9.594615769615451484e+01,2.059210355387657643e+01,-3.214439616900883578e+01,-5.060046798399766033e+01,3.428785554619769727e+01,4.321535596290456027e+00,-6.409678694334079552e+00,3.679786305832541160e+01,-1.664056897779967414e+01,-4.730014103759027932e+01
-4.476931931697069267e+00,-1.562871854761899613e+02,-4.609325671660131007e+01,1.164319662474293864e+02,3.530421150747377368e+01,-6.157322613888790386e+01,-3.659993870396954208e+01,2.855161363075953673e+01,1.404517689803832070e+01,-4.181752212680050818e+00,1.360744072179410225e+01,3.354513957447006423e+00,-4.536415062059636227e+01
-3.775719739294435051e+00,-1.670655855454199354e+02,-2.240123052570736206e+01,1.108807702984715320e+02,1.054131109653018683e+01,-4.343377795220590087e+01,-3.364425623030437862e+01,2.868603075358536714e+01,1.175456840219315602e+01,-1.827949609253975538e+01,3.512412413917645893e+01,-9.853671561624611996e+00,-4.327010524553337234e+01
-4.240167716433220768e+00,-1.661879352913083778e+02,-2.402354959210587992e+01,9.538109588273253792e+01,3.491019839472084385e+01,-4.775105550247887010e+01,-3.786602568945846059e+01,2.232828837371799224e+01,4.232839867739509820e+00,7.572733079692713254e+00,2.794817721969702973e+01,-1.710290124739216822e+01,-5.184412685506756446e+01
-2.059902179519806253e+00,-1.734911086009015548e+02,-4.018601017391723929e+01,1.210469522128648805e+02,3.111690648613915045e+01,-5.848910191693604332e+01,-4.194424494237981804e+01,4.194998164749596015e+01,-8.348218938447669046e+00,1.698251693463059153e+00,4.645482304246579019e+01,-3.656903845518298368e+01,-4.223193813520071416e+01
-3.085679982044843506e+00,-1.692829990955803510e+02,-3.234806271488245955e+01,1.122157112569947657e+02,2.395709013593226899e+01,-4.771206084897620059e+01,-3.128896948375131259e+01,1.174368573684621353e+01,1.156862210259342127e+01,1.623816694449837428e+01,8.516060960128880808e+00,-1.254794515536679000e+01,-3.390764879246691521e+01
-3.226269822412570321e+00,-1.709137010769567837e+02,-1.786044145133263683e+01,9.295633348500270188e+01,3.607645509971376185e+01,-4.936743463831334111e+01,-4.701180394142259189e+01,3.938458569766506656e+01,2.205391446436877789e+00,-2.309462527856842584e+00,2.433343330593949361e+01,-6.152523707021329002e+00,-5.009429902443611837e+01
-4.527877035289577634e+00,-1.614911829854568168e+02,-2.697414446735317028e+01,9.686571301432324788e+01,3.604181416774753899e+01,-4.621898587807586978e+01,-5.274287741157863962e+01,3.321402354013631708e+01,2.377019907449089686e+01,-1.349722497954389233e+01,8.264984764607774537e+00,8.586283529470577491e+00,-3.241714651140141257e+01
-4.772609937306182104e+00,-1.629797414767417649e+02,-2.351939267148957313e+01,9.567371942150391817e+01,2.902424155405491391e+01,-4.034881477093558999e+01,-4.110584763967838029e+01,1.752109716048139632e+01,1.508102849231143772e+01,4.057268513129831611e+00,2.072263690616184562e+01,-1.933029198638385182e+01,-3.540724799991048144e+01
-4.094674760426351590e+00,-1.656514405757562258e+02,-1.666295851956592955e+01,8.641894152157126996e+01,3.647303686176620374e+01,-4.479659186045849850e+01,-4.143785072535991532e+01,2.724728385729490654e+01,2.339278277067436296e+00,2.047328754448128230e+00,3.494863354488721541e+01,-1.777183890885874717e+01,-5.768759923720584482e+01
