-3.604365338911715355e+01,0.000000000000000000e+00,-3.207631722481915547e-14,0.000000000000000000e+00,2.392679895532167191e-13,0.000000000000000000e+00,-2.059301670267279085e-13,0.000000000000000000e+00,3.072791695244254868e-13,0.000000000000000000e+00,-3.277697551616779395e-13,0.000000000000000000e+00,3.594848034474519512e-13
-2.646162422478691933e+00,-1.711698966715542554e+02,-3.469392696020811684e+01,1.166183718878231872e+02,1.952605083427467747e+01,-3.777405969052448853e+01,-4.867863884573650779e+01,2.647413589605032413e+01,1.318932773422592319e+01,-5.984051402818193033e+00,3.810281781349571162e+01,-2.702659377292597043e+01,-3.998915241272154475e+01
-3.335584853410950235e+00,-1.641221872869868150e+02,-3.994190557044881729e+01,1.219692916782702952e+02,2.104971794366541005e+01,-5.896151788328862864e+01,-1.928675475191131738e+01,1.314995562020002851e+01,7.003713889004757220e+00,1.208607512935275885e+01,1.359259441612612918e+01,-1.117015604667481732e+01,-3.959385002227987371e+01
-2.429686919319718807e+00,-1.680093440598016343e+02,-3.668387121250452765e+01,1.204892696321679892e+02,1.280849238833943460e+01,-4.552313616400425644e+01,-1.244484616645393338e+01,-6.743484679658433123e+00,-2.168654689265081981e+00,3.914016536339526908e+01,2.341955357585647590e+01,-4.509459211463283879e+01,-3.996218367971835050e+01
-2.294739573377551523e+00,-1.711172347312560476e+02,-3.150509055460923946e+01,1.180233134614593524e+02,1.873859311284636675e+01,-5.695616231426631515e+01,-1.682857179058926889e+01,1.349684366560815185e+01,-3.731035454882885904e+00,2.522848564308758412e+01,1.467807500235511853e+01,-2.836430227443617014e+01,-2.216855798219367557e+01
-2.111129736665914081e+00,-1.695177190412769050e+02,-3.782035232439542938e+01,1.243747829374057403e+02,2.286133721260406304e+01,-7.165715183146619438e+01,-6.058512934218946100e+00,1.535735170432687013e+01,-8.440302016889868142e+00,2.468064544543369365e+01,8.837696041636483812e+00,-5.276512257166788622e+00,-4.842664921942109402e+01
-2.700493151227392197e+00,-1.699706815734742804e+02,-3.814388430087507231e+01,1.200745330616720139e+02,2.769978769763127247e+01,-6.013443019293612934e+01,-3.526748714221954373e+01,3.811868800219767905e+01,-2.528481205884953731e+00,-9.473231520143237105e+00,5.140261176921955411e+01,-3.171100845420868097e+01,-4.724170603523123191e+01
-2.207110427278097031e+00,-1.720874742111127205e+02,-3.061969322035642449e+01,1.248445787035455083e+02,4.033890691078612534e+00,-4.256078643949413021e+01,-3.188471125050961064e+01,2.755433435262189690e+01,4.449927148037205349e+00,-1.269456662974279304e+01,4.953901515271039813e+01,-2.971517650739165362e+01,-4.221096067187193768e+01
-2.546118244415029430e+00,-1.673830775096884622e+02,-3.016882483993089537e+01,1.307989643560810293e+02,-8.923315693862563514e-01,-6.472320808309076767e+01,1.733017315234772759e+00,1.915517898768624150e+01,-6.049901517023407393e+00,-1.850323104639891358e+00,3.268040988007088998e+01,-1.431661407302420130e+01,-4.128444825001103879e+01
-6.280501518961941088e+00,-1.517970185843115303e+02,-3.460465501818691081e+01,1.013682932720039389e+02,3.407731890145655029e+01,-5.352484535902400609e+01,-3.658839996743619594e+01,2.803972978956204187e+01,9.804375469849118119e+00,-8.404279183038530832e+00,3.091350060871373628e+01,-1.006485693713520213e+01,-4.930147582632540804e+01
