-3.604365338911715355e+01,0.000000000000000000e+00,-3.207631722481915547e-14,0.000000000000000000e+00,2.392679895532167191e-13,0.000000000000000000e+00,-2.059301670267279085e-13,0.000000000000000000e+00,3.072791695244254868e-13,0.000000000000000000e+00,-3.277697551616779395e-13,0.000000000000000000e+00,3.594848034474519512e-13
-1.449575250213465116e+00,-1.743811960474015734e+02,-1.174684639412445541e+01,9.295054442475468193e+01,2.724977933187853907e+01,-3.702081911034647277e+01,-6.338348227845214922e+01,5.328524071950732122e+01,6.877286592148511346e+00,-1.820536353235425509e+01,3.134971554094303414e+01,-1.573842844543756136e+01,-2.194313764289869795e+01
-1.166992011028213483e+00,-1.786193981903737438e+02,3.901569141970218979e+00,8.126874949056437458e+01,2.160904054917928363e+01,-3.712528052055690608e+01,-3.615618146353261153e+01,2.899793848069538171e+01,-9.782888749054919231e+00,1.791611754518230271e+01,2.126496552472992718e+01,-2.526017573907052594e+01,-3.086949148285289013e+01
-1.629944086373165124e+00,-1.753704782683866767e+02,-2.352643733738064213e+01,1.115988258700874951e+02,1.433900477000278428e+01,-3.195580640248692461e+01,-5.929249377340891414e+01,3.859291318048036601e+01,2.379970814591517581e+01,-2.960790374040221806e+01,3.580356608556402165e+01,-7.802027674401994517e+00,-4.092583719269367037e+01
-5.535008839997749952e+00,-1.569636927535586892e+02,-2.423867964827228860e+01,9.487779367286053400e+01,2.913563822733228292e+01,-4.260211555743137524e+01,-4.589457748796498038e+01,3.334446069547976776e+01,7.698479229847445815e+00,-3.485711147874782423e+00,2.086540705971328435e+01,-7.105445173635695610e+00,-3.788710615731852727e+01
-1.923921717165723244e+00,-1.768775321257629400e+02,-1.400889199452114653e+01,9.851546960860528657e+01,1.506798066991826701e+01,-2.881582968799457589e+01,-3.570866211885360997e+01,6.346214919886647543e+00,7.057480079919996818e+00,2.513695007510444057e+01,1.305737797006210421e+01,-2.383243429952281289e+01,-3.303026905200248109e+01
-7.284543853250038836e+00,-1.463082912890195360e+02,-2.500206882709261791e+01,9.921200896925518009e+01,2.043983536460146766e+01,-5.484491570371260849e+01,-2.037825909930967683e+01,2.306566590171260245e+01,1.123441857482721673e+01,-1.233726481515747508e+01,1.872613250587548706e+01,2.702325960438869856e+00,-3.666949291682921341e+01
-2.927890297730224134e+00,-1.700814512472334741e+02,-1.951472722936767568e+01,1.086042548223256574e+02,1.720002294480975991e+01,-4.742504791544880760e+01,-5.243410260069189377e+01,5.940555338135408903e+01,6.784642116201160533e+00,-3.411911262820981250e+01,3.377249369926531131e+01,1.335235738174797460e+00,-3.155819086308146737e+01
-2.355801616069036264e+00,-1.782448705278536067e+02,-1.689516482887706061e+01,1.029778761229799642e+02,2.605478529069659999e+01,-5.305538258184690648e+01,-3.403330308942192062e+01,3.236328173456447388e+01,-1.015451607907272402e+00,3.517619939192618173e+00,2.446386820247191451e+01,-1.566248348320417350e+01,-3.908099283223734233e+01
-4.602502682103128961e+00,-1.582461976077388783e+02,-8.965408942937857617e+00,9.367591231927333695e+01,5.901585640139158651e-01,-2.301258899188947282e+01,-2.825914710590324930e+01,-2.388890267585486726e-01,3.125049065401071147e+01,-1.032735626491483316e+01,1.910913106828589036e+01,-1.719670073301208291e+01,-1.782736107200091880e+01
-9.493087381099460487e+00,-1.343364983237758281e+02,-4.947330355238375610e+00,7.200372569965834657e+01,6.074503457368794379e+00,-1.452562686912931333e+01,-3.574883655397965043e+01,1.298168319955747485e+01,8.177096529707704065e+00,9.690684239200585637e+00,1.222525337927246980e+01,-2.045589241692745830e+01,-1.844827395569440398e+01
-2.036365924204317501e+00,-1.774961264159422569e+02,-1.362684284592078576e+01,9.075659145748240064e+01,3.894002390595410645e+01,-5.144152135005621318e+01,-4.752192995700693245e+01,4.217348109221606478e+01,-2.163186064015531596e+00,4.184568644169284202e-01,2.678473738099143731e+01,-1.144855602843383480e+01,-4.572321669585140569e+01
-2.718032327288260941e+00,-1.691072730160980200e+02,-8.329532810339541626e+00,7.049884370008054191e+01,5.021825443659523103e+01,-4.075895012957738572e+01,-5.659423416434485432e+01,2.987139386918663675e+01,1.292820595192245925e+01,1.243787679489872122e+00,2.323942705156458644e+01,-1.746680651477565505e+01,-4.035773023735499265e+01
