-3.604365338911715355e+01,0.000000000000000000e+00,-3.207631722481915547e-14,0.000000000000000000e+00,2.392679895532167191e-13,0.000000000000000000e+00,-2.059301670267279085e-13,0.000000000000000000e+00,3.072791695244254868e-13,0.000000000000000000e+00,-3.277697551616779395e-13,0.000000000000000000e+00,3.594848034474519512e-13
-8.426646192997686580e-01,-1.852021158249069686e+02,-1.133889022728664386e+01,1.001006514227093476e+02,3.784146625873680136e+01,-7.488831477496607647e+01,-2.600620596568280618e+01,4.242694097853986790e+01,-2.602791018448420424e-01,-7.492417855941756244e+00,1.191544912050466110e+01,1.393775238947101514e+01,-4.777349789605023744e+01
-3.574378162730535102e+00,-1.633806897843252557e+02,-4.083176523926054813e+01,1.174308441652698889e+02,2.472245289670557256e+01,-4.782608518177435286e+01,-3.489221905141185687e+01,7.468061425420054356e+00,3.341065402611874191e+01,-1.123262134020749592e+01,2.184749625825831387e+01,-1.120493015143603266e+01,-3.507528358990808215e+01
-3.980982259543853541e+00,-1.640808514576999926e+02,-1.978687487206445184e+01,1.064717889313118064e+02,3.418201623735459549e+00,-3.098109158733785407e+01,-2.568205940450163283e+01,6.011573075716594161e+00,1.048529192680382316e+01,8.090683734694202656e+00,2.510653860822111128e+01,-2.614262251760977307e+01,-2.754482278643422077e+01
-1.936226695753492599e+00,-1.724718277993306970e+02,-2.339509462332931022e+01,1.174736411334715456e+02,2.472378702562654240e+00,-3.636544066223777349e+01,-3.267689436774417544e+01,1.795002522611929763e+01,2.236624466304320791e+01,-2.453820801373955973e+01,3.706030806987301673e+01,1.923554675290677585e+00,-6.416864176797510311e+01
-2.309855142626328739e+00,-1.729514523491043008e+02,-5.177066631817728748e+00,9.761187993724954026e+01,3.579506006370224647e+00,-3.262135671316858065e+01,-2.951137113378352339e+01,3.110065715050931701e+01,-1.769385847378633514e+01,6.521463883680032048e+00,4.572346638494719429e+01,-2.672573513110398835e+01,-4.948440443567659486e+01
-3.494335403042570842e+00,-1.688480951093685292e+02,-1.655024731912939018e+01,1.048034192607084520e+02,1.100939528827957581e+01,-4.528938737273481507e+01,-2.012571429351966401e+01,1.612046453215922881e+01,5.461348658318273763e+00,-8.148912548399868783e+00,4.274721946191742461e+01,-1.857559872568180737e+01,-5.252207775758271424e+01
-2.485872790816296529e+00,-1.688567575492561446e+02,-3.573535715390533340e+01,1.125875103067271112e+02,2.710808525981279615e+01,-4.019746614282494335e+01,-5.291414341461101145e+01,2.270477305898743836e+01,3.398567031401619687e+01,-2.679902421067692231e+01,3.856961556652286305e+01,-1.209115959624615044e+01,-5.602308452738498801e+01
-5.787638195874625247e+00,-1.532712591022202844e+02,-3.091134198288531465e+01,9.658375586008754965e+01,3.103342077325174841e+01,-4.091458419393683243e+01,-3.856400276325354071e+01,6.124983590798910527e+00,3.307572021877550839e+01,-7.453212545840726122e+00,1.590722020423324246e+01,-4.005409716132388276e+00,-4.543775255149052583e+01
-2.371161551758410813e+00,-1.739025400191439985e+02,-1.348922269787343176e+01,9.617385158010810642e+01,1.607157556256040820e+01,-2.703240248861186501e+01,-4.381533316165420899e+01,1.625476593698930117e+01,1.221819812912547398e+01,1.713247249918102622e+00,3.233262140819803676e+01,-2.163383697571747888e+01,-4.774751621912169242e+01
-2.490345814560220195e+00,-1.676833175762254484e+02,-4.207506790134618768e+01,1.271998463112842472e+02,1.991647761708163245e+01,-6.184899406878879091e+01,-1.745065116865302457e+01,1.582568376499642682e+01,2.415050013718639033e+00,7.945215020064821942e+00,3.137697459315039694e+01,-2.776684864853333323e+01,-3.933293232462590794e+01
-4.421628942400460005e+00,-1.601179175497228471e+02,-3.798736248862248743e+01,1.196597567436700444e+02,1.661651981305031356e+01,-5.007859694523092742e+01,-3.345939879020728114e+01,3.326892494492874874e+01,-5.114201687248732142e+00,4.770574534282228996e+00,3.026828015721054754e+01,-2.301740518107425260e+01,-3.328141235235490569e+01
-2.343619697172190985e+00,-1.665273823958674484e+02,-3.641978762991899288e+01,1.224742101681651860e+02,1.201902637121708750e+01,-4.426658154237256326e+01,-3.037438321196573909e+01,1.010320062306906941e+01,2.561096487938340260e+01,-6.604829457091502043e+00,1.441895775780016287e+01,4.149275436335014611e+00,-5.422268087550995119e+01
-3.053983867113463369e+00,-1.661673298061932655e+02,-4.377897649442080308e+01,1.246311818171230072e+02,2.182421574200138892e+01,-5.385343741956594243e+01,-2.783574310440658905e+01,1.629213919474691608e+01,7.439662742327007194e+00,5.464744183340764394e+00,2.896758602013386152e+01,-1.497487333945970001e+01,-5.651856559685290904e+01
-1.227188142724855879e+00,-1.746046475207871538e+02,-1.083531095947859946e+01,1.018817772538648825e+02,1.971203460742294800e+00,-1.607314381808455295e+01,-5.308709768659501549e+01,2.242772066846620760e+01,2.483753193016065097e+01,-2.025505472655549255e+01,3.772906897900309531e+01,-2.406142467561354437e+01,-2.548201493914638149e+01
-3.434817295043017360e+00,-1.632783999456034678e+02,-4.341993029410922134e+01,1.229445185978424462e+02,2.236121307239528377e+01,-5.046174291043433868e+01,-3.899925794570981452e+01,2.299474616989727593e+01,2.288221940781512131e+01,-1.555945337981404641e+01,2.622332464188709622e+01,-2.176254467953643079e+00,-5.049801078614315486e+01
-5.259086029060910938e+00,-1.559460688661004042e+02,-3.781333933355056587e+01,1.112745702395320819e+02,3.364910810102603023e+01,-6.560285791302923997e+01,-3.465968090972907589e+01,4.119957938375162598e+01,6.304980236926628123e+00,-1.515853797954532389e+01,2.274498763001723489e+01,6.280112243677966610e+00,-4.941156634220971000e+01
-2.170408121263130319e+00,-1.757628780778164810e+02,-2.097040023416952437e+01,1.066165287190338944e+02,1.526942909890811251e+01,-3.214936962719767166e+01,-4.428058403542364374e+01,2.155671703557749552e+01,8.295788235325293414e+00,5.498943475677579684e+00,2.849075983728881667e+01,-2.477588213979010945e+01,-3.843912098996057125e+01
