-3.604365338911715355e+01,0.000000000000000000e+00,-3.207631722481915547e-14,0.000000000000000000e+00,2.392679895532167191e-13,0.000000000000000000e+00,-2.059301670267279085e-13,0.000000000000000000e+00,3.072791695244254868e-13,0.000000000000000000e+00,-3.277697551616779395e-13,0.000000000000000000e+00,3.594848034474519512e-13
-4.551076818822874515e+00,-1.578739939553700253e+02,-4.125430258909435111e+01,1.147955705097019887e+02,2.930859696332839803e+01,-5.580372000370806518e+01,-3.662777636576606000e+01,2.988446947637648776e+01,9.566392892365682243e+00,-7.877751049715385534e+00,2.689116543004844573e+01,-2.608108694401539918e+00,-5.392583305995864151e+01
-1.624831382295726545e+00,-1.736541150538809006e+02,-4.129106046518203499e+01,1.287086972352247187e+02,1.941387446044071652e+01,-5.868361772307594038e+01,-2.248631005710535646e+01,2.117717355017368064e+01,-5.896950281126638771e+00,1.131588704609392693e+01,4.167780762390233917e+01,-3.691512711755474641e+01,-4.451283564659587455e+01
-3.962906396470585957e+00,-1.593014334156632401e+02,-4.008177956035648748e+01,1.171427061285090616e+02,2.293696545600457881e+01,-5.169006158096220105e+01,-3.215567474651449231e+01,1.928041065053499281e+01,1.793574980962166521e+01,-8.626954102882942621e+00,2.010356400315584224e+01,7.674915300053305245e+00,-6.038587555601571211e+01
-6.796954635600740424e+00,-1.460745810664300848e+02,-3.394883546305498356e+01,9.029064660265925113e+01,4.445447667341966280e+01,-5.044920024981392004e+01,-4.601762338243161565e+01,2.853135859307399613e+01,1.484035966248067595e+01,-4.614377412136150269e+00,1.945140326115143026e+01,-5.234497112091534454e+00,-4.222680396380145140e+01
-7.324170366849550362e+00,-1.473784933420789685e+02,-1.366876878419294528e+01,9.248432487220756570e+01,7.498745125179795856e+00,-3.419172311669285591e+01,-3.414548581973777175e+01,3.284334859381839067e+01,2.679047396711532247e+00,-9.279978472489583297e+00,2.256504834939465809e+01,-7.124938776983242406e+00,-2.478170760891201141e+01
-1.905439775824963933e+00,-1.746214078610961451e+02,-2.973050150797637059e+01,1.297613663738868865e+02,8.178925348305767784e+00,-6.420417503139044868e+01,-2.160733488764658006e+01,4.106910403828838696e+01,-3.854066153207741596e+00,-5.701421994587829722e+00,1.401324666800166874e+01,1.750659289508210981e-01,-1.853175722825876193e+01
-5.335127555625486018e+00,-1.515091292106374397e+02,-3.135686100925407516e+01,9.495948801353134172e+01,3.573692845037538746e+01,-4.672754703908631768e+01,-3.754412436288998833e+01,7.530553388128239156e+00,3.856383772126138609e+01,-1.607015811504533787e+01,1.661544570902158213e+01,-2.055940542389770087e+00,-4.035795974123856666e+01
-2.165047476203155075e+00,-1.707229283257765644e+02,-4.290289969033936757e+01,1.337013469518193745e+02,1.386158337361664650e+01,-5.738289033184487664e+01,-2.935048871407517623e+01,3.068919861893491330e+01,3.994377061547111474e+00,-6.183648097047501402e+00,3.204583876448161561e+01,-1.577027340702258762e+01,-3.718320755582507076e+01
-2.568103060913463853e+00,-1.676759466399245468e+02,-3.856691201908957112e+01,1.204358934317664591e+02,2.040689684663555781e+01,-4.647571800265508557e+01,-3.767128743791864309e+01,1.409039525105404422e+01,2.894401454907314886e+01,-7.114477764044051966e+00,7.882612354610733618e+00,8.365731371094348390e+00,-4.455671147844356739e+01
-3.174519610053834651e+00,-1.707966096587531126e+02,-2.445183342245641356e+01,1.053468944989655114e+02,2.573537197240630903e+01,-4.637369804025625086e+01,-4.452092192639157986e+01,3.531886751446613459e+01,6.456660580006599481e+00,-8.314419117736306930e+00,3.561762376898658289e+01,-2.277971104888475651e+01,-3.740953309707137464e+01
-6.319485747885085658e+00,-1.483337385271734092e+02,-3.751642966349064778e+01,1.009415252745952500e+02,3.549516466249855995e+01,-4.973537525667943981e+01,-4.319599213105571778e+01,2.560827696123732977e+01,2.140360365370768747e+01,-1.170152494142333133e+01,1.998243417955253776e+01,-3.254519810925912360e+00,-4.229296618562394627e+01
-2.863270334451443411e+00,-1.677165169647822154e+02,-4.205101726432534548e+01,1.203233581080227736e+02,2.927198965060946279e+01,-5.387509838141708229e+01,-4.687466452115263138e+01,4.332172080727700347e+01,-1.399611164150786680e+00,-1.011218786225482269e+01,5.280139833971557550e+01,-3.697967619534728101e+01,-3.811991908200555912e+01
