-3.604365338911715355e+01,0.000000000000000000e+00,-3.207631722481915547e-14,0.000000000000000000e+00,2.392679895532167191e-13,0.000000000000000000e+00,-2.059301670267279085e-13,0.000000000000000000e+00,3.072791695244254868e-13,0.000000000000000000e+00,-3.277697551616779395e-13,0.000000000000000000e+00,3.594848034474519512e-13
-4.751669352018218717e+00,-1.612355603557042514e+02,-3.239072938563288773e+01,1.099856444117499024e+02,2.626106540797657374e+01,-5.135964743994433945e+01,-4.501803046632890215e+01,4.178226551632747743e+01,7.442997484875151670e+00,-1.199110164095669440e+01,2.440858699201369575e+01,-8.900560068820430715e+00,-2.890733403467687523e+01
-3.972167259639882708e+00,-1.613424858520655505e+02,-3.441502114867186890e+01,1.068561623708437907e+02,3.226222795575059621e+01,-4.991895086139001592e+01,-4.947256027418318780e+01,4.594137974028424765e+01,-4.943222876399644861e+00,-2.612284700314634556e+00,3.417137130027565917e+01,-1.556211866613152139e+01,-4.141727304048880853e+01
-3.107806080033212126e+00,-1.698043987545402160e+02,-1.813618855715027323e+01,1.094420313141049377e+02,6.091655183779083771e+00,-3.548683623173565849e+01,-4.029918742943652177e+01,2.957486457675696201e+01,1.478972298259107099e+01,-1.439478295040806444e+01,2.232008180505692607e+01,-5.073540913237255978e+00,-3.181932788511199206e+01
-6.091011043446705742e+00,-1.544968680436850264e+02,-1.962216635757848948e+01,9.714107122521281212e+01,1.839135978048373588e+01,-4.818407569386369005e+01,-2.379067535302036163e+01,2.357704847537579695e+01,1.307042493869924327e+00,-2.127491954531967711e+00,3.225379102531056930e+01,-2.316000319179627098e+01,-3.205656479593189800e+01
-4.270512362441476029e+00,-1.650792876359103332e+02,-2.198565964434624931e+01,9.814473491931846638e+01,3.125087630714515896e+01,-5.055876695556782607e+01,-4.528225488462753390e+01,4.028267342479858115e+01,9.399885908101040854e+00,-1.463251926694681693e+01,2.389199619626316107e+01,1.610913179307226661e+00,-4.612092065221526838e+01
-6.518581772032857380e+00,-1.500747217273350316e+02,-2.307340349433359705e+01,9.836780882456977793e+01,1.331506716340745378e+01,-3.423146763536568216e+01,-3.788575333941674472e+01,2.433662097522280732e+01,1.343652174008022548e+01,-1.449422400187086701e+01,3.421729043108165058e+01,-1.335947616437757546e+01,-4.476136893357790569e+01
-1.111735090831786454e+00,-1.809660955833635114e+02,-2.782897582103213097e+01,1.253067911898101130e+02,8.208680207540659524e+00,-4.989864835848045033e+01,-2.501438685623652702e+01,2.333144280179387664e+01,-7.154097401426648961e-01,4.002391088050726076e+00,3.213911708631473374e+01,-2.279872260868179978e+01,-3.652478709474095098e+01
-8.246437165303562855e-01,-1.782873563191406845e+02,-2.472904356492210098e+01,1.113892729078154389e+02,1.547431685145858360e+01,-3.043128721639876133e+01,-5.056709732055335138e+01,1.905191709717833248e+01,2.743951243533243201e+01,-1.631475683271366961e+01,3.236965479801615686e+01,-5.672137740766950209e+00,-6.493742564444035281e+01
-3.147716162058465716e+00,-1.722423326083179518e+02,-1.983747723171804722e+01,1.048892021856978687e+02,1.864662354391780852e+01,-4.113187090338870888e+01,-4.119771270181477973e+01,2.714370216799859037e+01,1.174482704732883676e+01,-1.342953217519297304e+00,1.645467845531859652e+01,-1.037848738909952750e+01,-3.048634249812121766e+01
-1.077313175436521941e+00,-1.780241228345427373e+02,-2.779942643176365635e+01,1.229677681780684395e+02,6.960269235369151097e+00,-4.628041250582742094e+01,-2.232867104559045757e+01,1.755915712210212831e+01,-4.187064178037846141e+00,9.403260487213456642e+00,4.482030144652322434e+01,-4.581751696328785783e+01,-3.435501244246155750e+01
6.733933980114252815e-01,-1.879785410031477397e+02,-1.372519044791152965e+01,1.029612634239826576e+02,2.096303937756652047e+01,-3.208015897243965497e+01,-5.845579325570890461e+01,3.838203891010184776e+01,7.835761606711534988e+00,-1.125496551376795651e+01,4.549482529383369211e+01,-3.054361186943403439e+01,-3.766493491055422993e+01
-2.342558774369070118e+00,-1.739141207884018741e+02,-3.031715748998175641e+01,1.160077770638183665e+02,1.777762258691142350e+01,-4.037114315203955783e+01,-4.460676351562837283e+01,2.294786826250512490e+01,2.260271309997278522e+01,-1.266646765365440785e+01,2.367023352655352042e+01,-1.132908274876135435e+00,-5.273186073362922599e+01
-9.070191625495653831e-01,-1.821227494766565371e+02,-2.141190222369207419e+01,1.258567553339269409e+02,3.903006138117004475e+00,-5.497304303959341354e+01,-2.733666725044851020e+01,3.810145102490137248e+01,1.106431325130914445e+01,-3.562499019719118110e+01,4.554465125621890564e+01,-3.114862588432553814e+00,-4.956805985317561181e+01
-6.772280389753556618e-01,-1.765078270388021338e+02,-2.781844647047963193e+01,1.201896685402542033e+02,1.174265661906493818e+01,-4.439873690274214368e+01,-3.962316322450105588e+01,3.310515558324055263e+01,1.363224097228182075e+01,-3.445190189178181583e+01,6.926831917193113952e+01,-3.481609020492678752e+01,-4.946249701597406556e+01
