-3.604365338911715355e+01,0.000000000000000000e+00,-3.207631722481915547e-14,0.000000000000000000e+00,2.392679895532167191e-13,0.000000000000000000e+00,-2.059301670267279085e-13,0.000000000000000000e+00,3.072791695244254868e-13,0.000000000000000000e+00,-3.277697551616779395e-13,0.000000000000000000e+00,3.594848034474519512e-13
-1.398337287255236649e+00,-1.727436190019183186e+02,-6.587161510136513520e+00,8.649911558923108146e+01,2.474053146188499497e+01,-3.120737307619657130e+01,-6.052266019659041518e+01,4.861932982396824343e+01,-5.285336030412459696e-01,-5.945060843770928471e+00,2.888747890916963712e+01,-1.870772092621882976e+01,-2.101551196457020865e+01
-1.611868949867106160e+00,-1.762743683287183956e+02,-1.288975108667153791e+01,9.717229452653739941e+01,1.962722018153619175e+01,-3.269235938431074828e+01,-5.195881272010607432e+01,3.820318235059899337e+01,4.007077350970009166e-01,-4.850511542840350465e+00,4.023361888248741991e+01,-2.583144121535799087e+01,-3.909304057608874672e+01
-4.689914140222069427e+00,-1.600204979667405496e+02,-3.182743736980702565e+01,9.907100658661352099e+01,3.173583582983783202e+01,-3.431382012304832330e+01,-5.537006145547104552e+01,2.409614515707661653e+01,1.991046238745510522e+01,-7.915101991506485746e+00,3.439748935322357681e+01,-1.966774661167001881e+01,-5.055648469254803246e+01
-5.016637095055547668e+00,-1.584294171681372632e+02,-3.346203882362564741e+01,1.059298825560530872e+02,3.195643327345769080e+01,-5.475028115718943411e+01,-3.768544330843339196e+01,2.657058416813442392e+01,2.108098030921630794e+01,-1.814657183242317728e+01,2.810352242651382326e+01,-9.449174142607217775e+00,-3.543634191453014637e+01
-3.148562073734220146e+00,-1.701121374598739919e+02,-1.153808681467830510e+01,8.887423167489515663e+01,2.040530208064712880e+01,-2.512035089905983654e+01,-4.481564981261689695e+01,9.389176722160375022e+00,2.335217128989895130e+01,-4.691998797484896677e+00,3.177345792542383407e+01,-1.879007097535732029e+01,-5.191849364681666401e+01
-1.831753823676797843e+00,-1.790385716850607025e+02,-1.056662266186080679e+01,9.355031870753751377e+01,2.769289064662111599e+01,-4.732878118319211325e+01,-3.187613808659779835e+01,2.295441889733020702e+01,-7.488114763397277773e-01,7.155272558168816133e+00,3.188277807870036540e+01,-2.117393354428084606e+01,-4.661472120125180396e+01
-4.343263739299313642e+00,-1.651558554752674866e+02,-2.653652942038419837e+01,1.058667324468011373e+02,2.597351897868538728e+01,-5.566144243169598838e+01,-2.630193887115330043e+01,2.402397512633796239e+01,2.107306685740082397e+00,2.011779883685286485e+00,2.825154995026227667e+01,-1.423063222942232287e+01,-5.139915383996910236e+01
-3.171513671835999748e+00,-1.711039516071158744e+02,-1.782178177688584952e+01,1.040079338288165900e+02,2.260552641668933305e+01,-5.942323090295943899e+01,-1.775263609842547652e+01,1.673969532656559167e+01,1.350761557904689170e+01,-4.093611042153991519e+00,1.162104804406572001e+01,5.963962467321943350e+00,-4.517395582064396820e+01
-2.343643237598505458e+00,-1.716570191534411549e+02,-2.990813425883856524e+01,1.277176036128584258e+02,1.114752493030862768e+00,-4.858933752005786033e+01,-2.290649519021173219e+01,2.448839266826479744e+01,5.848024752857188702e+00,-9.993551768155507276e+00,3.540112912249965404e+01,-1.940337422288895652e+01,-3.459734244404815939e+01
-4.115223369549435795e+00,-1.673359379457395733e+02,-1.701485377931328102e+01,9.798736192124377453e+01,2.352496353581045696e+01,-4.541990265387617853e+01,-3.869360491568075844e+01,2.436611028085145136e+01,2.446593455866380395e+01,-1.621416857689737157e+01,1.189725942043882156e+01,8.098874773634284097e+00,-3.880740863647684336e+01
-1.695712025770601539e+00,-1.736819506810206803e+02,-3.696017116720630469e+01,1.311767430169059594e+02,7.371136387388846245e+00,-5.138508095820876065e+01,-2.153719600152105329e+01,1.580670718782931772e+01,1.010495724506896131e+01,-7.300657356929467490e+00,3.889633242367530386e+01,-1.670408678778935752e+01,-5.691716749370176132e+01
-2.892697585098335189e+00,-1.715643667932028222e+02,-1.387514986092818425e+01,1.055412150503278355e+02,4.160445722337993146e+00,-3.055725693878423854e+01,-3.797777407071774292e+01,2.120310019726209561e+01,1.637053661758530865e+01,-8.758462878107595273e+00,2.103561855971111783e+01,-7.224083485075941446e+00,-3.551389021569534776e+01
-2.043509402499576133e+00,-1.729500282024040416e+02,-2.642074394380541236e+01,1.125808000354138869e+02,9.973060123602719429e+00,-2.693223196468075642e+01,-4.594124163800772465e+01,1.412742185747651646e+01,2.424924632599397256e+01,-1.173920259618457784e+01,3.740016973571689363e+01,-2.008542464146841056e+01,-4.816746788901154730e+01
-2.021721374057101173e+00,-1.744610915819078514e+02,-3.647999676959132387e+01,1.206126729816527217e+02,2.283240395398495437e+01,-4.812495485855549759e+01,-4.125962729992574651e+01,2.308278716753710569e+01,2.158897161947629684e+01,-1.772485034977898266e+01,3.843994063092475244e+01,-1.161919255772365389e+01,-5.795264638598759888e+01
