-3.604365338911715355e+01,0.000000000000000000e+00,-3.207631722481915547e-14,0.000000000000000000e+00,2.392679895532167191e-13,0.000000000000000000e+00,-2.059301670267279085e-13,0.000000000000000000e+00,3.072791695244254868e-13,0.000000000000000000e+00,-3.277697551616779395e-13,0.000000000000000000e+00,3.594848034474519512e-13
-7.519903632259147264e-01,-1.756421238653679779e+02,-3.735048021241206584e+01,1.270262922109341446e+02,1.228632333976138469e+01,-4.306543762367517303e+01,-3.349709795055239425e+01,1.025637088432130994e+01,2.540255846933578354e+01,-1.151677851007262809e+01,3.182253875534151533e+01,-9.029522069997131695e+00,-5.583710009022916410e+01
-4.605479733119830499e+00,-1.603800936444093281e+02,-2.090786380604632910e+01,8.399317773676607146e+01,4.479818050894647286e+01,-4.771581705360421211e+01,-5.088895324590762215e+01,3.789168293521600361e+01,1.198650108799684810e+00,4.995635001118714058e+00,1.983902094284873385e+01,-8.484444131823373425e+00,-4.330313197685170223e+01
-2.596866769668946251e+00,-1.691822427084691185e+02,-3.424943380655989955e+01,1.239961257641430592e+02,1.124101515054851141e+01,-4.630799963018642984e+01,-3.744748685356284312e+01,2.756500836456604020e+01,1.812401012933252531e+01,-1.609687896396682305e+01,2.978400193295176379e+01,-1.954265880321596782e+01,-2.142494070821161145e+01
-3.921195784494225567e+00,-1.632346098839240085e+02,-2.786782232752408461e+01,9.041726376536192333e+01,4.565525501749006310e+01,-4.768624610125530694e+01,-4.658756884556867561e+01,2.471910423957686831e+01,3.770513452203868354e+00,1.517606727963195290e+01,2.421674393843851902e+01,-2.707382507191106313e+01,-3.621173133287287271e+01
-2.533066579019719988e+00,-1.725172679523572867e+02,2.613752292032909263e+00,7.301545628109856523e+01,2.622177257322373833e+01,-2.535950571657592079e+01,-4.630910606668505380e+01,1.392326179306792611e+01,1.816032373824745605e+01,4.809250577777416602e+00,1.514966904347496346e+01,-1.215686323649424949e+01,-3.969086524158016971e+01
-4.827908984200974807e+00,-1.596156761858444781e+02,-3.408528062726318097e+01,1.094945675459748315e+02,2.416878364077838981e+01,-4.434527010468229946e+01,-4.405564099985888760e+01,2.735629869722289342e+01,1.910526645662866585e+01,-1.264814648550204268e+01,2.156670886109833418e+01,1.053682219588364666e-01,-4.511895026222166649e+01
-5.609053490315773161e+00,-1.556154627450223700e+02,-1.664502577618825185e+01,9.902225375639017102e+01,1.256996205597632965e+01,-4.150637631497123436e+01,-4.073154014764647002e+01,4.323178317940294590e+01,7.136444172759310867e+00,-2.370413377924851162e+01,3.184985718334356974e+01,-1.177014234046372998e+01,-1.913365445067621806e+01
-3.000923078667454558e+00,-1.720712869692188747e+02,-5.871710086633770587e+00,8.481758615440308802e+01,3.129945576629693704e+01,-5.018158635577253079e+01,-3.243154115868743048e+01,2.745433645962834746e+01,2.225309778663326021e+00,6.559360356580140383e+00,1.181964930509776224e+01,-3.477330655799846681e+00,-3.744818216077472073e+01
-3.692469160753362623e+00,-1.675519842021178931e+02,-1.279943539015366660e+01,8.955284035407861154e+01,2.486547963721494980e+01,-3.802985134487842345e+01,-3.623767909541112431e+01,1.658882554827277644e+01,7.051085123364760676e+00,1.409331209522206585e+01,1.461384010376822218e+01,-1.913305585885611748e+01,-3.224577166878334822e+01
-3.779171725805947180e+00,-1.618343632590014636e+02,-3.605562666762475743e+01,1.222015588584986006e+02,1.072108044544145322e+01,-4.475726614442733364e+01,-3.759961122380142484e+01,2.414328578658878754e+01,2.849470734998478605e+01,-2.489724264328457792e+01,2.006674746533590792e+01,4.367327077693090587e+00,-3.469637311910494759e+01
-5.300060675119602216e-01,-1.821758494625740354e+02,-1.997392414278620620e+01,1.232216100882908592e+02,-4.469209958358716150e+00,-3.731306893928451984e+01,-2.266997804899222757e+01,1.053561655389197860e+01,1.158566573168342195e+01,1.601907557588151121e-01,2.589974303993751192e+01,-1.585949712952753821e+01,-3.886433749140760341e+01
-3.917445262387539984e+00,-1.563820904567294008e+02,-4.811028412263019050e+01,1.180725895612384733e+02,3.020308742235958377e+01,-4.818698783919803930e+01,-4.693768116827887837e+01,2.428815284707107836e+01,2.749299392091107919e+01,-2.279784040303878356e+01,3.507767900550845752e+01,-1.969759132828297066e+00,-6.239161380030309800e+01
-5.841532425489338820e+00,-1.463866150900292382e+02,-3.765730712123377799e+01,1.056976779870711454e+02,2.485328661076519552e+01,-4.953760617633005126e+01,-2.003867170848933910e+01,-8.621104161870565719e+00,4.246204663872701701e+01,-9.726610336450786320e+00,6.492401856373957614e+00,3.856969535553326445e+00,-3.858254961859730514e+01
-2.022227605255368932e+00,-1.746687988532605971e+02,-3.007080678890334724e+01,1.214614299341575503e+02,9.795768767977749647e+00,-4.685216348563714206e+01,-2.220245216960154977e+01,1.746708611726637628e+01,-9.915176940569232045e+00,2.265447524677089319e+01,2.950177772870405235e+01,-3.371925386874546859e+01,-3.551630073996974346e+01
