-3.604365338911715355e+01,0.000000000000000000e+00,-3.207631722481915547e-14,0.000000000000000000e+00,2.392679895532167191e-13,0.000000000000000000e+00,-2.059301670267279085e-13,0.000000000000000000e+00,3.072791695244254868e-13,0.000000000000000000e+00,-3.277697551616779395e-13,0.000000000000000000e+00,3.594848034474519512e-13
-8.153642441051086820e+00,-1.432685263595969900e+02,-2.010653660370342877e+01,9.165792357775617916e+01,1.616684218133678996e+01,-4.362519231143869547e+01,-2.104034008442451054e+01,2.403694858680029967e+01,-1.448125092628453281e+01,1.880197235119945987e+01,2.238193383436235706e+01,-2.441905124714936193e+01,-2.682292433209806504e+01
-2.227554960423302255e+00,-1.733208092535096227e+02,-2.152401601533052489e+00,8.243268788785724155e+01,3.636491866438191067e+01,-6.306487077843333111e+01,-2.684946215452896467e+01,4.164171607322617774e+01,-1.319876039669397194e+01,5.057126888540257603e+00,2.085910680422932728e+01,-9.739335487283604209e+00,-3.334903619137556774e+01
-2.249053229672783427e+00,-1.733229235923698184e+02,-1.830285496267279299e+01,9.955111905626124269e+01,2.799588386649648797e+01,-4.672510685956493148e+01,-4.841178975942835194e+01,4.839811318487932823e+01,-1.107247415526113521e+01,2.470233900081871603e+00,3.628080950139037952e+01,-3.257213987849675618e+01,-2.354424673741890572e+01
-4.866483567937635257e+00,-1.555907036015915992e+02,-4.014058392969467093e+01,1.190311024387459753e+02,1.680241177532539965e+01,-4.886382553866046408e+01,-3.416453409650650030e+01,3.136365205159297531e+01,1.496747583748826715e-01,4.658856723429324193e-02,2.678736360888655454e+01,-1.226985588637906588e+01,-3.644268803555954861e+01
-5.278589584802003465e+00,-1.561955274710554136e+02,-3.032351561071386570e+01,9.611488065643594325e+01,3.000954414182482566e+01,-3.410054720873487355e+01,-4.517592283987770685e+01,8.327640754544949786e+00,2.607858974649658990e+01,2.933507007130634392e+00,1.943850604046482289e+01,-2.055326717362053657e+01,-3.617715087841801846e+01
2.553418440133427558e-01,-1.789427778455589362e+02,-3.691390687368352630e+00,8.683135117552936322e+01,2.720725400756557733e+01,-3.411721911144502428e+01,-6.516960371529050633e+01,5.444399411041106873e+01,2.771960477832349667e+00,-6.411867135001955376e+00,1.500953156510084341e+01,-1.090772814418120618e+01,-6.349191717183118477e+00
-3.038553633319032610e+00,-1.714979850867860307e+02,-1.260410454179036188e-01,8.242856426926159941e+01,1.992061143454191452e+01,-3.663532359740964495e+01,-3.059960737947418608e+01,1.418122504360890090e+01,9.082000058521956021e+00,1.230151312730763102e+01,4.054937883032221357e+00,-3.753298764798622678e+00,-3.344748758450683823e+01
-3.510889347360040880e+00,-1.602707936574285270e+02,-3.691346125686777668e+01,9.925385838223068902e+01,5.104551079668414815e+01,-5.891977804585145861e+01,-6.008699308092997882e+01,5.863767493702600575e+01,-3.755429927709160065e+00,-1.446340621625369316e+01,4.481282249536247519e+01,-1.286246819214657933e+01,-6.170406617797490867e+01
-3.218287967680910633e+00,-1.630311038716236567e+02,-4.087398745100190922e+01,1.095639959251926854e+02,4.539623441225958800e+01,-6.591274494979816723e+01,-4.621064600025646740e+01,4.951339904211826592e+01,-3.464502277912092865e+00,-9.793813536895969563e+00,3.975351393982081305e+01,-1.132245333114535768e+01,-5.617519260379820167e+01
-9.811887143505136910e-01,-1.795593428631095492e+02,-3.585776972235937876e+01,1.297431764879057141e+02,1.292316772787075152e+01,-5.447225509186006320e+01,-2.136692128381518785e+01,1.689164701294697224e+01,-1.684218481896092356e+00,1.451592423959304412e+01,2.813878340474124329e+01,-2.633425376676032670e+01,-4.052551228983639220e+01
-3.393368895754344639e+00,-1.657235761693872576e+02,-8.508485727985212188e-01,8.612163577579120499e+01,1.983996700018147052e+01,-4.846321104642452582e+01,-4.088458954292554637e+01,6.149152033784694993e+01,-1.623394702490602626e+01,-1.645296627475505247e+01,3.436457151027101986e+01,-4.840413886851402836e+00,-3.100096948599668778e+01
-3.995183437687432004e+00,-1.651855022930716075e+02,-1.179728615060864794e+00,8.109988357745328358e+01,2.517247317223075953e+01,-4.594619680536032291e+01,-3.807644421063875484e+01,3.972682735393473052e+01,6.428425785574700235e+00,-1.868662695462640499e+01,2.400006342322397046e+01,5.415828904301827507e+00,-4.241723665378157904e+01
-3.332585691953479756e+00,-1.688883078138448752e+02,-3.411201402664892157e+01,1.044512412046358349e+02,4.743656656695389273e+01,-6.611513549777720300e+01,-4.522867275499302053e+01,4.984870013519817888e+01,-1.167947526203007413e+01,5.000561235220865264e+00,3.189807117217348065e+01,-1.869257542261501825e+01,-4.520382780659703315e+01
-1.163555816636217655e+00,-1.782079727689312563e+02,-3.560640360466240395e+01,1.317483042014297041e+02,6.759177273140504205e+00,-4.975343670816695152e+01,-2.245586747773153746e+01,1.805147217751929389e+01,-4.488924731317651129e-01,5.160953273850934053e+00,3.970736315266256611e+01,-2.794972159235266673e+01,-4.817746679197535542e+01
-6.506874511109642656e-01,-1.809612569698399227e+02,-3.157444848066280940e+01,1.249528596733663193e+02,1.003381886269209211e+01,-4.062851959157634241e+01,-3.473725932583718645e+01,1.609751230189059257e+01,1.017421420168744284e+01,4.666650289845813759e+00,3.385180926660430600e+01,-3.523449490943986007e+01,-2.992496089149424066e+01
-6.143080389712410216e+00,-1.474098634135992256e+02,-3.949394037432384152e+01,1.047691110579428369e+02,3.558875921993701041e+01,-6.127085607926071020e+01,-2.804103050651517748e+01,2.411631793962323655e+01,1.025963721922021854e+01,-7.616487838950907197e+00,3.041794586651392507e+01,-1.456386804762659892e+01,-3.979993830368806584e+01
-1.029062988890809383e+00,-1.800084382706755264e+02,-3.180010649115243027e+01,1.250253078129096309e+02,1.065447381865515020e+01,-4.297714732057710307e+01,-3.386940118133285438e+01,2.027219055970768480e+01,2.540832920929092964e+00,1.423340500206167114e+01,2.214064742642645101e+01,-2.739654196712958978e+01,-2.473192968238936729e+01
-1.495598785368542072e-01,-1.768011257747090497e+02,-3.690483009434477157e+00,7.543488428575349758e+01,3.950239044233255470e+01,-3.287396542075914141e+01,-6.541035731298380540e+01,5.030619617265640642e+01,-1.253520928920026556e+01,1.127519226461974355e+01,3.315053224591354564e+01,-3.208010492414808823e+01,-2.909619395613840709e+01
-3.220423337170308820e+00,-1.683371983812777444e+02,-3.381789770135673479e+01,1.141890129243836185e+02,2.369308056915456717e+01,-4.674953719714031308e+01,-4.093790660622823196e+01,2.354614051383729389e+01,1.806993160393201237e+01,-5.948009873683129278e+00,1.685116535229105850e+01,3.432253106683451183e+00,-5.231315283501911040e+01
-2.325286885225411382e+00,-1.674911325466977985e+02,-4.282137867264532360e+01,1.278667362916584267e+02,1.963294698596556387e+01,-6.163186987715543808e+01,-1.635257043772722696e+01,1.187281990452956570e+01,6.653055397306012253e+00,9.214587600071846296e+00,2.294058816935198308e+01,-1.954604509103335630e+01,-3.693638803078745525e+01
-1.690995545961406776e+00,-1.738510241760076838e+02,-2.838092369750435040e+01,1.336124422049266514e+02,4.692072711564899912e+00,-7.371801020194074283e+01,-1.185941617578951224e+01,4.376295884324585472e+01,-1.860623399769286923e+00,-1.645471634262809246e+01,1.195019799320172638e+01,9.475130888327370826e+00,-1.404767035004594256e+01
-6.125691261433266810e+00,-1.476276603555436964e+02,-3.687839584875110432e+01,1.024989241817931713e+02,3.285234346354307888e+01,-5.063121438121628870e+01,-4.236645730248141462e+01,2.599746427122548198e+01,2.681734581251215133e+01,-1.617321096080475229e+01,1.013393576175869981e+01,7.700882162671412345e+00,-3.426482641474279944e+01
-5.928443852661360758e+00,-1.521051334496428353e+02,-3.232384851413408455e+01,9.519617322146984861e+01,3.625812048893518380e+01,-4.624054819884177903e+01,-3.864208697286182570e+01,1.653975184769799966e+01,1.334471599963446131e+01,9.912959116246371494e+00,1.137887975794565065e+01,-8.744460674012332291e+00,-3.816620740674193257e+01
